Октаэдр.
Октаэдр (okto - восемь). Это 
правильный многогранник, все 
грани которого - правильные 
треугольники и к каждой 
вершинеприлегают четыре грани. 
Покажем, что этот многогранник 
имеет восемь граней, указав способ 
его построения. 

   Попробуйте решить следующую 
задачу: 

   При увеличении всех ребер в 6
раз площадь каждой грани изменится
в 36 раз, поэтому и сумма площадей всех 
граней (площадь поверхности) 
увеличенного октаэдра будет в 36 
раз больше площади поверхности 
исходного октаэдра (Ответ: 36).
end
-0.0362127 3.59153 -0.130883 0 0.420871 -0.90712 -1.816 -0.0404733 -1.816 0 0.420871 -0.90712 1.816 -0.0404733 -1.816 0 0.420871 -0.90712 -0.00530249 3.59153 -0.0946507 0.626438 0.567419 -0.534426 -0.0362127 3.59153 -0.130883 0.626438 0.567419 -0.534426 1.816 -0.0404733 -1.816 0.626438 0.567419 -0.534426 -0.00530249 3.59153 -0.0946507 0.893905 0.448257 0 1.816 -0.0404733 -1.816 0.893905 0.448257 0 1.816 -0.0404733 1.816 0.893905 0.448257 0 -0.0619117 3.59153 -0.161663 -0.763185 -0.0435496 0.644711 -0.00530249 3.59153 -0.0946507 -0.763185 -0.0435496 0.644711 1.816 -0.0404733 1.816 -0.763185 -0.0435496 0.644711 -0.0619117 3.59153 -0.161663 0 0.478213 0.878244 1.816 -0.0404733 1.816 0 0.478213 0.878244 -1.816 -0.0404733 1.816 0 0.478213 0.878244 -0.0969843 3.59153 -0.133946 0.615032 0.126734 0.778251 -0.0619117 3.59153 -0.161663 0.615032 0.126734 0.778251 -1.816 -0.0404733 1.816 0.615032 0.126734 0.778251 -0.0969843 3.59153 -0.133946 -0.903873 0.427801 0 -1.816 -0.0404733 1.816 -0.903873 0.427801 0 -1.816 -0.0404733 -1.816 -0.903873 0.427801 0 -0.0362127 3.59153 -0.130883 0.0460946 0.401749 -0.914589 -0.0969843 3.59153 -0.133946 0.0460946 0.401749 -0.914589 -1.816 -0.0404733 -1.816 0.0460946 0.401749 -0.914589 -0.0969843 3.59153 -0.133946 0 1 0 -0.0362127 3.59153 -0.130883 0 1 0 -0.00530249 3.59153 -0.0946507 0 1 0 -0.0619117 3.59153 -0.161663 0 -1 0 -0.0969843 3.59153 -0.133946 0 -1 0 -0.00530249 3.59153 -0.0946507 0 -1 0 -1.816 -0.0404733 -1.816 0 -1 0 -1.816 -0.0404733 1.816 0 -1 0 1.816 -0.0404733 1.816 0 -1 0 1.816 -0.0404733 -1.816 0 -1 0 -1.816 -0.0404733 -1.816 0 -1 0 1.816 -0.0404733 1.816 0 -1 0 -1.816 -0.0191028 -1.816 -0.455998 0.22944 0.859897 0.0907359 -3.6511 0.16423 -0.455998 0.22944 0.859897 0.0288752 -3.6511 0.131426 -0.455998 0.22944 0.859897 1.816 -0.0191028 -1.816 0 -0.472544 -0.881307 -1.816 -0.0191028 -1.816 0 -0.472544 -0.881307 0.0288752 -3.6511 0.131426 0 -0.472544 -0.881307 1.816 -0.0191028 -1.816 0.523337 -0.58813 -0.61662 0.0288752 -3.6511 0.131426 0.523337 -0.58813 -0.61662 0.073109 -3.6511 0.168968 0.523337 -0.58813 -0.61662 1.816 -0.0191028 1.816 0.901568 -0.432636 0 1.816 -0.0191028 -1.816 0.901568 -0.432636 0 0.073109 -3.6511 0.168968 0.901568 -0.432636 0 1.816 -0.0191028 1.816 0.740085 -0.0510539 -0.670572 0.073109 -3.6511 0.168968 0.740085 -0.0510539 -0.670572 0.0897014 -3.6511 0.18728 0.740085 -0.0510539 -0.670572 -1.816 -0.0191028 1.816 0 -0.409178 0.912455 1.816 -0.0191028 1.816 0 -0.409178 0.912455 0.0897014 -3.6511 0.18728 0 -0.409178 0.912455 -1.816 -0.0191028 1.816 -0.892073 -0.450114 -0.0400388 0.0897014 -3.6511 0.18728 -0.892073 -0.450114 -0.0400388 0.0907359 -3.6511 0.16423 -0.892073 -0.450114 -0.0400388 -1.816 -0.0191028 -1.816 -0.885404 -0.464822 0 -1.816 -0.0191028 1.816 -0.885404 -0.464822 0 0.0907359 -3.6511 0.16423 -0.885404 -0.464822 0 -1.816 -0.0191028 1.816 0 1 0 -1.816 -0.0191028 -1.816 0 1 0 1.816 -0.0191028 -1.816 0 1 0 1.816 -0.0191028 1.816 0 1 0 -1.816 -0.0191028 1.816 0 1 0 1.816 -0.0191028 -1.816 0 1 0 0.0907359 -3.6511 0.16423 0 1 0 0.0897014 -3.6511 0.18728 0 1 0 0.073109 -3.6511 0.168968 0 1 0 0.0288752 -3.6511 0.131426 0 1 0 0.0907359 -3.6511 0.16423 0 1 0 0.073109 -3.6511 0.168968 0 1 0 
end
0 1 2 3 4 5 6 7 8 9 10 11 12 13 14 15 16 17 18 19 20 21 22 23 24 25 26 27 28 29 30 31 32 33 34 35 36 37 38 39 40 41 42 43 44 45 46 47 48 49 50 51 52 53 54 55 56 57 58 59 60 61 62 63 64 65 66 67 68 69 70 71 
end
