Параллепипед.
Параллелепипед - частный случай 
призмы.

В основаниях призмы лежат 
параллелограммы.

Если боковое ребро перпендикулярно 
плоскости основания, то такой 
параллелепипед будет называться 
прямым параллелепипедом.

Если в основании прямого 
параллелепипеда лежит 
прямоугольник, то такой 
параллелепипед называется 
прямоугольным.

Решите задачу:
  Боковое ребро наклонной 
четырехугольной призмы равно 
12 см. Перпендикулярным 
сечением является ромб со 
стороной 5 см. 
Найти площадь боковой поверхности.
Ответ: 240.
end
0.325525 1.816 -0.280784 0 0.389339 -0.921095 -1.816 -1.816 -1.816 0 0.389339 -0.921095 1.816 -1.816 -1.816 0 0.389339 -0.921095 3.59869 1.816 -0.290179 -0.00264491 0.388416 -0.92148 0.325525 1.816 -0.280784 -0.00264491 0.388416 -0.92148 1.816 -1.816 -1.816 -0.00264491 0.388416 -0.92148 3.59869 1.816 -0.290179 0.897696 -0.440616 0 1.816 -1.816 -1.816 0.897696 -0.440616 0 1.816 -1.816 1.816 0.897696 -0.440616 0 3.58915 1.816 2.60847 0.898369 -0.439232 0.0029565 3.59869 1.816 -0.290179 0.898369 -0.439232 0.0029565 1.816 -1.816 1.816 0.898369 -0.439232 0.0029565 3.58915 1.816 2.60847 0 -0.213177 0.977014 1.816 -1.816 1.816 0 -0.213177 0.977014 -1.816 -1.816 1.816 0 -0.213177 0.977014 0.33697 1.816 2.58918 -0.0058057 -0.204918 0.978762 3.58915 1.816 2.60847 -0.0058057 -0.204918 0.978762 -1.816 -1.816 1.816 -0.0058057 -0.204918 0.978762 0.33697 1.816 2.58918 -0.860222 0.50992 0 -1.816 -1.816 1.816 -0.860222 0.50992 0 -1.816 -1.816 -1.816 -0.860222 0.50992 0 0.325525 1.816 -0.280784 -0.86204 0.506829 0.0034377 0.33697 1.816 2.58918 -0.86204 0.506829 0.0034377 -1.816 -1.816 -1.816 -0.86204 0.506829 0.0034377 0.33697 1.816 2.58918 0 1 0 0.325525 1.816 -0.280784 0 1 0 3.59869 1.816 -0.290179 0 1 0 3.58915 1.816 2.60847 0 1 0 0.33697 1.816 2.58918 0 1 0 3.59869 1.816 -0.290179 0 1 0 -1.816 -1.816 -1.816 0 -1 0 -1.816 -1.816 1.816 0 -1 0 1.816 -1.816 1.816 0 -1 0 1.816 -1.816 -1.816 0 -1 0 -1.816 -1.816 -1.816 0 -1 0 1.816 -1.816 1.816 0 -1 0 
end
0 1 2 3 4 5 6 7 8 9 10 11 12 13 14 15 16 17 18 19 20 21 22 23 24 25 26 27 28 29 30 31 32 33 34 35 
end
