Параллепипед и цилиндр
Цилиндр - это тело вращения, 
которое получается при 
вращении прямоугольника 
вокруг его стороны. 

Параллелепипед - это 
четырёхугольная призма,  
все грани которой являются 
параллелограммами.  

Попробуйте решить следующую 
задачу:  
 Дан параллепипед и цилиндр. 
Их взаимное  расположение 
представленно на экране. 
Требуется найти радиус 
цилиндра при условии, что  
длина большей стороны 
основания параллепипеда
равна 5, а длина большей
стороны бокового 
параллелограммама равна 3. 

(Oтвет: 2) 
end
1.87362 1.171 -1.171 0 0 -1 -0.445869 -1.171 -1.171 0 0 -1 4.21562 -1.171 -1.171 0 0 -1 6.27258 1.171 -1.171 0 0 -1 1.87362 1.171 -1.171 0 0 -1 4.21562 -1.171 -1.171 0 0 -1 6.27258 1.171 -1.171 0.751349 -0.659905 0 4.21562 -1.171 -1.171 0.751349 -0.659905 0 4.21562 -1.171 1.171 0.751349 -0.659905 0 6.04557 1.171 1.171 0.785692 -0.613912 0.0761566 6.27258 1.171 -1.171 0.785692 -0.613912 0.0761566 4.21562 -1.171 1.171 0.785692 -0.613912 0.0761566 6.04557 1.171 1.171 0 0 1 4.21562 -1.171 1.171 0 0 1 -0.396574 -1.171 1.171 0 0 1 1.87362 1.171 1.171 0 0 1 6.04557 1.171 1.171 0 0 1 -0.396574 -1.171 1.171 0 0 1 1.87362 1.171 1.171 -0.717947 0.695934 0.0151116 -0.396574 -1.171 1.171 -0.717947 0.695934 0.0151116 -0.445869 -1.171 -1.171 -0.717947 0.695934 0.0151116 1.87362 1.171 -1.171 -0.710514 0.703684 0 1.87362 1.171 1.171 -0.710514 0.703684 0 -0.445869 -1.171 -1.171 -0.710514 0.703684 0 1.87362 1.171 1.171 0 1 0 1.87362 1.171 -1.171 0 1 0 6.27258 1.171 -1.171 0 1 0 6.04557 1.171 1.171 0 1 0 1.87362 1.171 1.171 0 1 0 6.27258 1.171 -1.171 0 1 0 -0.445869 -1.171 -1.171 0 -1 0 -0.396574 -1.171 1.171 0 -1 0 4.21562 -1.171 1.171 0 -1 0 4.21562 -1.171 -1.171 0 -1 0 -0.445869 -1.171 -1.171 0 -1 0 4.21562 -1.171 1.171 0 -1 0 1.89368 -1.17157 0.167946 0 1 0 0.795106 -1.17157 0 0 1 0 1.90298 -1.17157 0.0842085 0 1 0 1.87823 -1.17157 0.250745 0 1 0 0.795106 -1.17157 0 0 1 0 1.89368 -1.17157 0.167946 0 1 0 1.85673 -1.17157 0.332141 0 1 0 0.795106 -1.17157 0 0 1 0 1.87823 -1.17157 0.250745 0 1 0 1.82929 -1.17157 0.411679 0 1 0 0.795106 -1.17157 0 0 1 0 1.85673 -1.17157 0.332141 0 1 0 1.79606 -1.17157 0.488916 0 1 0 0.795106 -1.17157 0 0 1 0 1.82929 -1.17157 0.411679 0 1 0 1.75724 -1.17157 0.563418 0 1 0 0.795106 -1.17157 0 0 1 0 1.79606 -1.17157 0.488916 0 1 0 1.71304 -1.17157 0.634769 0 1 0 0.795106 -1.17157 0 0 1 0 1.75724 -1.17157 0.563418 0 1 0 1.6637 -1.17157 0.702571 0 1 0 0.795106 -1.17157 0 0 1 0 1.71304 -1.17157 0.634769 0 1 0 1.60951 -1.17157 0.766443 0 1 0 0.795106 -1.17157 0 0 1 0 1.6637 -1.17157 0.702571 0 1 0 1.55076 -1.17157 0.826029 0 1 0 0.795106 -1.17157 0 0 1 0 1.60951 -1.17157 0.766443 0 1 0 1.48779 -1.17157 0.880996 0 1 0 0.795106 -1.17157 0 0 1 0 1.55076 -1.17157 0.826029 0 1 0 1.42094 -1.17157 0.931035 0 1 0 0.795106 -1.17157 0 0 1 0 1.48779 -1.17157 0.880996 0 1 0 1.3506 -1.17157 0.975868 0 1 0 0.795106 -1.17157 0 0 1 0 1.42094 -1.17157 0.931035 0 1 0 1.27714 -1.17157 1.01524 0 1 0 0.795106 -1.17157 0 0 1 0 1.3506 -1.17157 0.975868 0 1 0 1.20099 -1.17157 1.04894 0 1 0 0.795106 -1.17157 0 0 1 0 1.27714 -1.17157 1.01524 0 1 0 1.12257 -1.17157 1.07677 0 1 0 0.795106 -1.17157 0 0 1 0 1.20099 -1.17157 1.04894 0 1 0 1.04232 -1.17157 1.09858 0 1 0 0.795106 -1.17157 0 0 1 0 1.12257 -1.17157 1.07677 0 1 0 0.960689 -1.17157 1.11425 0 1 0 0.795106 -1.17157 0 0 1 0 1.04232 -1.17157 1.09858 0 1 0 0.878129 -1.17157 1.12368 0 1 0 0.795106 -1.17157 0 0 1 0 0.960689 -1.17157 1.11425 0 1 0 0.795106 -1.17157 1.12684 0 1 0 0.795106 -1.17157 0 0 1 0 0.878129 -1.17157 1.12368 0 1 0 0.712082 -1.17157 1.12368 0 1 0 0.795106 -1.17157 0 0 1 0 0.795106 -1.17157 1.12684 0 1 0 0.629523 -1.17157 1.11425 0 1 0 0.795106 -1.17157 0 0 1 0 0.712082 -1.17157 1.12368 0 1 0 0.54789 -1.17157 1.09858 0 1 0 0.795106 -1.17157 0 0 1 0 0.629523 -1.17157 1.11425 0 1 0 0.467639 -1.17157 1.07677 0 1 0 0.795106 -1.17157 0 0 1 0 0.54789 -1.17157 1.09858 0 1 0 0.38922 -1.17157 1.04894 0 1 0 0.795106 -1.17157 0 0 1 0 0.467639 -1.17157 1.07677 0 1 0 0.31307 -1.17157 1.01524 0 1 0 0.795106 -1.17157 0 0 1 0 0.38922 -1.17157 1.04894 0 1 0 0.239617 -1.17157 0.975868 0 1 0 0.795106 -1.17157 0 0 1 0 0.31307 -1.17157 1.01524 0 1 0 0.16927 -1.17157 0.931035 0 1 0 0.795106 -1.17157 0 0 1 0 0.239617 -1.17157 0.975868 0 1 0 0.102422 -1.17157 0.880995 0 1 0 0.795106 -1.17157 0 0 1 0 0.16927 -1.17157 0.931035 0 1 0 0.0394489 -1.17157 0.826029 0 1 0 0.795106 -1.17157 0 0 1 0 0.102422 -1.17157 0.880995 0 1 0 -0.0192989 -1.17157 0.766443 0 1 0 0.795106 -1.17157 0 0 1 0 0.0394489 -1.17157 0.826029 0 1 0 -0.0734918 -1.17157 0.70257 0 1 0 0.795106 -1.17157 0 0 1 0 -0.0192989 -1.17157 0.766443 0 1 0 -0.122827 -1.17157 0.634769 0 1 0 0.795106 -1.17157 0 0 1 0 -0.0734918 -1.17157 0.70257 0 1 0 -0.16703 -1.17157 0.563418 0 1 0 0.795106 -1.17157 0 0 1 0 -0.122827 -1.17157 0.634769 0 1 0 -0.205851 -1.17157 0.488916 0 1 0 0.795106 -1.17157 0 0 1 0 -0.16703 -1.17157 0.563418 0 1 0 -0.239075 -1.17157 0.411679 0 1 0 0.795106 -1.17157 0 0 1 0 -0.205851 -1.17157 0.488916 0 1 0 -0.266515 -1.17157 0.332141 0 1 0 0.795106 -1.17157 0 0 1 0 -0.239075 -1.17157 0.411679 0 1 0 -0.288018 -1.17157 0.250745 0 1 0 0.795106 -1.17157 0 0 1 0 -0.266515 -1.17157 0.332141 0 1 0 -0.303464 -1.17157 0.167946 0 1 0 0.795106 -1.17157 0 0 1 0 -0.288018 -1.17157 0.250745 0 1 0 -0.312766 -1.17157 0.0842087 0 1 0 0.795106 -1.17157 0 0 1 0 -0.303464 -1.17157 0.167946 0 1 0 -0.315872 -1.17157 -9.85111e-08 0 1 0 0.795106 -1.17157 0 0 1 0 -0.312766 -1.17157 0.0842087 0 1 0 -0.312766 -1.17157 -0.0842088 0 1 0 0.795106 -1.17157 0 0 1 0 -0.315872 -1.17157 -9.85111e-08 0 1 0 -0.303464 -1.17157 -0.167946 0 1 0 0.795106 -1.17157 0 0 1 0 -0.312766 -1.17157 -0.0842088 0 1 0 -0.288018 -1.17157 -0.250744 0 1 0 0.795106 -1.17157 0 0 1 0 -0.303464 -1.17157 -0.167946 0 1 0 -0.266515 -1.17157 -0.332141 0 1 0 0.795106 -1.17157 0 0 1 0 -0.288018 -1.17157 -0.250744 0 1 0 -0.239074 -1.17157 -0.411679 0 1 0 0.795106 -1.17157 0 0 1 0 -0.266515 -1.17157 -0.332141 0 1 0 -0.205851 -1.17157 -0.488916 0 1 0 0.795106 -1.17157 0 0 1 0 -0.239074 -1.17157 -0.411679 0 1 0 -0.16703 -1.17157 -0.563418 0 1 0 0.795106 -1.17157 0 0 1 0 -0.205851 -1.17157 -0.488916 0 1 0 -0.122827 -1.17157 -0.634769 0 1 0 0.795106 -1.17157 0 0 1 0 -0.16703 -1.17157 -0.563418 0 1 0 -0.0734917 -1.17157 -0.702571 0 1 0 0.795106 -1.17157 0 0 1 0 -0.122827 -1.17157 -0.634769 0 1 0 -0.0192985 -1.17157 -0.766443 0 1 0 0.795106 -1.17157 0 0 1 0 -0.0734917 -1.17157 -0.702571 0 1 0 0.0394489 -1.17157 -0.826029 0 1 0 0.795106 -1.17157 0 0 1 0 -0.0192985 -1.17157 -0.766443 0 1 0 0.102423 -1.17157 -0.880996 0 1 0 0.795106 -1.17157 0 0 1 0 0.0394489 -1.17157 -0.826029 0 1 0 0.16927 -1.17157 -0.931035 0 1 0 0.795106 -1.17157 0 0 1 0 0.102423 -1.17157 -0.880996 0 1 0 0.239617 -1.17157 -0.975868 0 1 0 0.795106 -1.17157 0 0 1 0 0.16927 -1.17157 -0.931035 0 1 0 0.31307 -1.17157 -1.01524 0 1 0 0.795106 -1.17157 0 0 1 0 0.239617 -1.17157 -0.975868 0 1 0 0.38922 -1.17157 -1.04894 0 1 0 0.795106 -1.17157 0 0 1 0 0.31307 -1.17157 -1.01524 0 1 0 0.46764 -1.17157 -1.07677 0 1 0 0.795106 -1.17157 0 0 1 0 0.38922 -1.17157 -1.04894 0 1 0 0.547891 -1.17157 -1.09858 0 1 0 0.795106 -1.17157 0 0 1 0 0.46764 -1.17157 -1.07677 0 1 0 0.629523 -1.17157 -1.11425 0 1 0 0.795106 -1.17157 0 0 1 0 0.547891 -1.17157 -1.09858 0 1 0 0.712082 -1.17157 -1.12368 0 1 0 0.795106 -1.17157 0 0 1 0 0.629523 -1.17157 -1.11425 0 1 0 0.795106 -1.17157 -1.12684 0 1 0 0.795106 -1.17157 0 0 1 0 0.712082 -1.17157 -1.12368 0 1 0 0.87813 -1.17157 -1.12368 0 1 0 0.795106 -1.17157 0 0 1 0 0.795106 -1.17157 -1.12684 0 1 0 0.960689 -1.17157 -1.11425 0 1 0 0.795106 -1.17157 0 0 1 0 0.87813 -1.17157 -1.12368 0 1 0 1.04232 -1.17157 -1.09858 0 1 0 0.795106 -1.17157 0 0 1 0 0.960689 -1.17157 -1.11425 0 1 0 1.12257 -1.17157 -1.07677 0 1 0 0.795106 -1.17157 0 0 1 0 1.04232 -1.17157 -1.09858 0 1 0 1.20099 -1.17157 -1.04894 0 1 0 0.795106 -1.17157 0 0 1 0 1.12257 -1.17157 -1.07677 0 1 0 1.27714 -1.17157 -1.01524 0 1 0 0.795106 -1.17157 0 0 1 0 1.20099 -1.17157 -1.04894 0 1 0 1.3506 -1.17157 -0.975868 0 1 0 0.795106 -1.17157 0 0 1 0 1.27714 -1.17157 -1.01524 0 1 0 1.42094 -1.17157 -0.931035 0 1 0 0.795106 -1.17157 0 0 1 0 1.3506 -1.17157 -0.975868 0 1 0 1.48779 -1.17157 -0.880995 0 1 0 0.795106 -1.17157 0 0 1 0 1.42094 -1.17157 -0.931035 0 1 0 1.55076 -1.17157 -0.826029 0 1 0 0.795106 -1.17157 0 0 1 0 1.48779 -1.17157 -0.880995 0 1 0 1.60951 -1.17157 -0.766443 0 1 0 0.795106 -1.17157 0 0 1 0 1.55076 -1.17157 -0.826029 0 1 0 1.6637 -1.17157 -0.702571 0 1 0 0.795106 -1.17157 0 0 1 0 1.60951 -1.17157 -0.766443 0 1 0 1.71304 -1.17157 -0.634769 0 1 0 0.795106 -1.17157 0 0 1 0 1.6637 -1.17157 -0.702571 0 1 0 1.75724 -1.17157 -0.563418 0 1 0 0.795106 -1.17157 0 0 1 0 1.71304 -1.17157 -0.634769 0 1 0 1.79606 -1.17157 -0.488916 0 1 0 0.795106 -1.17157 0 0 1 0 1.75724 -1.17157 -0.563418 0 1 0 1.82929 -1.17157 -0.411679 0 1 0 0.795106 -1.17157 0 0 1 0 1.79606 -1.17157 -0.488916 0 1 0 1.85673 -1.17157 -0.33214 0 1 0 0.795106 -1.17157 0 0 1 0 1.82929 -1.17157 -0.411679 0 1 0 1.87823 -1.17157 -0.250744 0 1 0 0.795106 -1.17157 0 0 1 0 1.85673 -1.17157 -0.33214 0 1 0 1.89368 -1.17157 -0.167946 0 1 0 0.795106 -1.17157 0 0 1 0 1.87823 -1.17157 -0.250744 0 1 0 1.90298 -1.17157 -0.0842085 0 1 0 0.795106 -1.17157 0 0 1 0 1.89368 -1.17157 -0.167946 0 1 0 1.90608 -1.17157 1.97022e-07 0 1 0 0.795106 -1.17157 0 0 1 0 1.90298 -1.17157 -0.0842085 0 1 0 1.90298 -1.17157 0.0842085 0 1 0 0.795106 -1.17157 0 0 1 0 1.90608 -1.17157 1.97022e-07 0 1 0 0.795106 1.20497 0 0 0 0 1.90298 1.20497 0.0842085 0 0 0 0.795106 1.20497 0 0 0 0 0.795106 1.20497 0 0 -1 0 1.89368 1.20497 0.167946 0 -1 0 1.90298 1.20497 0.0842085 0 -1 0 0.795106 1.20497 0 0 -1 0 1.87823 1.20497 0.250745 0 -1 0 1.89368 1.20497 0.167946 0 -1 0 0.795106 1.20497 0 0 -1 0 1.85673 1.20497 0.332141 0 -1 0 1.87823 1.20497 0.250745 0 -1 0 0.795106 1.20497 0 0 -1 0 1.82929 1.20497 0.411679 0 -1 0 1.85673 1.20497 0.332141 0 -1 0 0.795106 1.20497 0 0 -1 0 1.79606 1.20497 0.488916 0 -1 0 1.82929 1.20497 0.411679 0 -1 0 0.795106 1.20497 0 0 -1 0 1.75724 1.20497 0.563418 0 -1 0 1.79606 1.20497 0.488916 0 -1 0 0.795106 1.20497 0 0 -1 0 1.71304 1.20497 0.634769 0 -1 0 1.75724 1.20497 0.563418 0 -1 0 0.795106 1.20497 0 0 -1 0 1.6637 1.20497 0.702571 0 -1 0 1.71304 1.20497 0.634769 0 -1 0 0.795106 1.20497 0 0 -1 0 1.60951 1.20497 0.766443 0 -1 0 1.6637 1.20497 0.702571 0 -1 0 0.795106 1.20497 0 0 -1 0 1.55076 1.20497 0.826029 0 -1 0 1.60951 1.20497 0.766443 0 -1 0 0.795106 1.20497 0 0 -1 0 1.48779 1.20497 0.880996 0 -1 0 1.55076 1.20497 0.826029 0 -1 0 0.795106 1.20497 0 0 -1 0 1.42094 1.20497 0.931035 0 -1 0 1.48779 1.20497 0.880996 0 -1 0 0.795106 1.20497 0 0 -1 0 1.3506 1.20497 0.975868 0 -1 0 1.42094 1.20497 0.931035 0 -1 0 0.795106 1.20497 0 0 -1 0 1.27714 1.20497 1.01524 0 -1 0 1.3506 1.20497 0.975868 0 -1 0 0.795106 1.20497 0 0 -1 0 1.20099 1.20497 1.04894 0 -1 0 1.27714 1.20497 1.01524 0 -1 0 0.795106 1.20497 0 0 -1 0 1.12257 1.20497 1.07677 0 -1 0 1.20099 1.20497 1.04894 0 -1 0 0.795106 1.20497 0 0 -1 0 1.04232 1.20497 1.09858 0 -1 0 1.12257 1.20497 1.07677 0 -1 0 0.795106 1.20497 0 0 -1 0 0.960689 1.20497 1.11425 0 -1 0 1.04232 1.20497 1.09858 0 -1 0 0.795106 1.20497 0 0 -1 0 0.878129 1.20497 1.12368 0 -1 0 0.960689 1.20497 1.11425 0 -1 0 0.795106 1.20497 0 0 -1 0 0.795106 1.20497 1.12684 0 -1 0 0.878129 1.20497 1.12368 0 -1 0 0.795106 1.20497 0 0 -1 0 0.712082 1.20497 1.12368 0 -1 0 0.795106 1.20497 1.12684 0 -1 0 0.795106 1.20497 0 0 -1 0 0.629523 1.20497 1.11425 0 -1 0 0.712082 1.20497 1.12368 0 -1 0 0.795106 1.20497 0 0 -1 0 0.54789 1.20497 1.09858 0 -1 0 0.629523 1.20497 1.11425 0 -1 0 0.795106 1.20497 0 0 -1 0 0.467639 1.20497 1.07677 0 -1 0 0.54789 1.20497 1.09858 0 -1 0 0.795106 1.20497 0 0 -1 0 0.38922 1.20497 1.04894 0 -1 0 0.467639 1.20497 1.07677 0 -1 0 0.795106 1.20497 0 0 -1 0 0.31307 1.20497 1.01524 0 -1 0 0.38922 1.20497 1.04894 0 -1 0 0.795106 1.20497 0 0 -1 0 0.239617 1.20497 0.975868 0 -1 0 0.31307 1.20497 1.01524 0 -1 0 0.795106 1.20497 0 0 -1 0 0.16927 1.20497 0.931035 0 -1 0 0.239617 1.20497 0.975868 0 -1 0 0.795106 1.20497 0 0 -1 0 0.102422 1.20497 0.880995 0 -1 0 0.16927 1.20497 0.931035 0 -1 0 0.795106 1.20497 0 0 -1 0 0.0394489 1.20497 0.826029 0 -1 0 0.102422 1.20497 0.880995 0 -1 0 0.795106 1.20497 0 0 -1 0 -0.0192989 1.20497 0.766443 0 -1 0 0.0394489 1.20497 0.826029 0 -1 0 0.795106 1.20497 0 0 -1 0 -0.0734918 1.20497 0.70257 0 -1 0 -0.0192989 1.20497 0.766443 0 -1 0 0.795106 1.20497 0 0 -1 0 -0.122827 1.20497 0.634769 0 -1 0 -0.0734918 1.20497 0.70257 0 -1 0 0.795106 1.20497 0 0 -1 0 -0.16703 1.20497 0.563418 0 -1 0 -0.122827 1.20497 0.634769 0 -1 0 0.795106 1.20497 0 0 -1 0 -0.205851 1.20497 0.488916 0 -1 0 -0.16703 1.20497 0.563418 0 -1 0 0.795106 1.20497 0 0 -1 0 -0.239075 1.20497 0.411679 0 -1 0 -0.205851 1.20497 0.488916 0 -1 0 0.795106 1.20497 0 0 -1 0 -0.266515 1.20497 0.332141 0 -1 0 -0.239075 1.20497 0.411679 0 -1 0 0.795106 1.20497 0 0 -1 0 -0.288018 1.20497 0.250745 0 -1 0 -0.266515 1.20497 0.332141 0 -1 0 0.795106 1.20497 0 0 -1 0 -0.303464 1.20497 0.167946 0 -1 0 -0.288018 1.20497 0.250745 0 -1 0 0.795106 1.20497 0 0 -1 0 -0.312766 1.20497 0.0842087 0 -1 0 -0.303464 1.20497 0.167946 0 -1 0 0.795106 1.20497 0 0 -1 0 -0.315872 1.20497 -9.85111e-08 0 -1 0 -0.312766 1.20497 0.0842087 0 -1 0 0.795106 1.20497 0 0 -1 0 -0.312766 1.20497 -0.0842088 0 -1 0 -0.315872 1.20497 -9.85111e-08 0 -1 0 0.795106 1.20497 0 0 -1 0 -0.303464 1.20497 -0.167946 0 -1 0 -0.312766 1.20497 -0.0842088 0 -1 0 0.795106 1.20497 0 0 -1 0 -0.288018 1.20497 -0.250744 0 -1 0 -0.303464 1.20497 -0.167946 0 -1 0 0.795106 1.20497 0 0 -1 0 -0.266515 1.20497 -0.332141 0 -1 0 -0.288018 1.20497 -0.250744 0 -1 0 0.795106 1.20497 0 0 -1 0 -0.239074 1.20497 -0.411679 0 -1 0 -0.266515 1.20497 -0.332141 0 -1 0 0.795106 1.20497 0 0 -1 0 -0.205851 1.20497 -0.488916 0 -1 0 -0.239074 1.20497 -0.411679 0 -1 0 0.795106 1.20497 0 0 -1 0 -0.16703 1.20497 -0.563418 0 -1 0 -0.205851 1.20497 -0.488916 0 -1 0 0.795106 1.20497 0 0 -1 0 -0.122827 1.20497 -0.634769 0 -1 0 -0.16703 1.20497 -0.563418 0 -1 0 0.795106 1.20497 0 0 -1 0 -0.0734917 1.20497 -0.702571 0 -1 0 -0.122827 1.20497 -0.634769 0 -1 0 0.795106 1.20497 0 0 -1 0 -0.0192985 1.20497 -0.766443 0 -1 0 -0.0734917 1.20497 -0.702571 0 -1 0 0.795106 1.20497 0 0 -1 0 0.0394489 1.20497 -0.826029 0 -1 0 -0.0192985 1.20497 -0.766443 0 -1 0 0.795106 1.20497 0 0 -1 0 0.102423 1.20497 -0.880996 0 -1 0 0.0394489 1.20497 -0.826029 0 -1 0 0.795106 1.20497 0 0 -1 0 0.16927 1.20497 -0.931035 0 -1 0 0.102423 1.20497 -0.880996 0 -1 0 0.795106 1.20497 0 0 -1 0 0.239617 1.20497 -0.975868 0 -1 0 0.16927 1.20497 -0.931035 0 -1 0 0.795106 1.20497 0 0 -1 0 0.31307 1.20497 -1.01524 0 -1 0 0.239617 1.20497 -0.975868 0 -1 0 0.795106 1.20497 0 0 -1 0 0.38922 1.20497 -1.04894 0 -1 0 0.31307 1.20497 -1.01524 0 -1 0 0.795106 1.20497 0 0 -1 0 0.46764 1.20497 -1.07677 0 -1 0 0.38922 1.20497 -1.04894 0 -1 0 0.795106 1.20497 0 0 -1 0 0.547891 1.20497 -1.09858 0 -1 0 0.46764 1.20497 -1.07677 0 -1 0 0.795106 1.20497 0 0 -1 0 0.629523 1.20497 -1.11425 0 -1 0 0.547891 1.20497 -1.09858 0 -1 0 0.795106 1.20497 0 0 -1 0 0.712082 1.20497 -1.12368 0 -1 0 0.629523 1.20497 -1.11425 0 -1 0 0.795106 1.20497 0 0 -1 0 0.795106 1.20497 -1.12684 0 -1 0 0.712082 1.20497 -1.12368 0 -1 0 0.795106 1.20497 0 0 -1 0 0.87813 1.20497 -1.12368 0 -1 0 0.795106 1.20497 -1.12684 0 -1 0 0.795106 1.20497 0 0 -1 0 0.960689 1.20497 -1.11425 0 -1 0 0.87813 1.20497 -1.12368 0 -1 0 0.795106 1.20497 0 0 -1 0 1.04232 1.20497 -1.09858 0 -1 0 0.960689 1.20497 -1.11425 0 -1 0 0.795106 1.20497 0 0 -1 0 1.12257 1.20497 -1.07677 0 -1 0 1.04232 1.20497 -1.09858 0 -1 0 0.795106 1.20497 0 0 -1 0 1.20099 1.20497 -1.04894 0 -1 0 1.12257 1.20497 -1.07677 0 -1 0 0.795106 1.20497 0 0 -1 0 1.27714 1.20497 -1.01524 0 -1 0 1.20099 1.20497 -1.04894 0 -1 0 0.795106 1.20497 0 0 -1 0 1.3506 1.20497 -0.975868 0 -1 0 1.27714 1.20497 -1.01524 0 -1 0 0.795106 1.20497 0 0 -1 0 1.42094 1.20497 -0.931035 0 -1 0 1.3506 1.20497 -0.975868 0 -1 0 0.795106 1.20497 0 0 -1 0 1.48779 1.20497 -0.880995 0 -1 0 1.42094 1.20497 -0.931035 0 -1 0 0.795106 1.20497 0 0 -1 0 1.55076 1.20497 -0.826029 0 -1 0 1.48779 1.20497 -0.880995 0 -1 0 0.795106 1.20497 0 0 -1 0 1.60951 1.20497 -0.766443 0 -1 0 1.55076 1.20497 -0.826029 0 -1 0 0.795106 1.20497 0 0 -1 0 1.6637 1.20497 -0.702571 0 -1 0 1.60951 1.20497 -0.766443 0 -1 0 0.795106 1.20497 0 0 -1 0 1.71304 1.20497 -0.634769 0 -1 0 1.6637 1.20497 -0.702571 0 -1 0 0.795106 1.20497 0 0 -1 0 1.75724 1.20497 -0.563418 0 -1 0 1.71304 1.20497 -0.634769 0 -1 0 0.795106 1.20497 0 0 -1 0 1.79606 1.20497 -0.488916 0 -1 0 1.75724 1.20497 -0.563418 0 -1 0 0.795106 1.20497 0 0 -1 0 1.82929 1.20497 -0.411679 0 -1 0 1.79606 1.20497 -0.488916 0 -1 0 0.795106 1.20497 0 0 -1 0 1.85673 1.20497 -0.33214 0 -1 0 1.82929 1.20497 -0.411679 0 -1 0 0.795106 1.20497 0 0 -1 0 1.87823 1.20497 -0.250744 0 -1 0 1.85673 1.20497 -0.33214 0 -1 0 0.795106 1.20497 0 0 -1 0 1.89368 1.20497 -0.167946 0 -1 0 1.87823 1.20497 -0.250744 0 -1 0 0.795106 1.20497 0 0 -1 0 1.90298 1.20497 -0.0842085 0 -1 0 1.89368 1.20497 -0.167946 0 -1 0 0.795106 1.20497 0 0 -1 0 1.90608 1.20497 1.97022e-07 0 -1 0 1.90298 1.20497 -0.0842085 0 -1 0 0.795106 1.20497 0 0 -1 0 1.90298 1.20497 0.0842085 0 -1 0 1.90608 1.20497 1.97022e-07 0 -1 0 1.90608 1.20497 0 -0.999301 -0 -0.0373916 1.90298 1.20497 0.0842085 -0.999301 -0 -0.0373916 1.90608 -1.17157 0 -0.999301 -0 -0.0373916 1.90608 -1.17157 0 -0.999301 0 -0.0373916 1.90298 1.20497 0.0842085 -0.999301 0 -0.0373916 1.90298 -1.17157 0.0842085 -0.999301 0 -0.0373916 1.90298 1.20497 0.0842085 -0.993712 -0 -0.111964 1.89368 1.20497 0.167946 -0.993712 -0 -0.111964 1.90298 -1.17157 0.0842085 -0.993712 -0 -0.111964 1.90298 -1.17157 0.0842085 -0.993712 0 -0.111964 1.89368 1.20497 0.167946 -0.993712 0 -0.111964 1.89368 -1.17157 0.167946 -0.993712 0 -0.111964 1.89368 1.20497 0.167946 -0.982566 -0 -0.185911 1.87823 1.20497 0.250745 -0.982566 -0 -0.185911 1.89368 -1.17157 0.167946 -0.982566 -0 -0.185911 1.89368 -1.17157 0.167946 -0.982566 0 -0.185911 1.87823 1.20497 0.250745 -0.982566 0 -0.185911 1.87823 -1.17157 0.250745 -0.982566 0 -0.185911 1.87823 1.20497 0.250745 -0.965926 -0 -0.258819 1.85673 1.20497 0.332141 -0.965926 -0 -0.258819 1.87823 -1.17157 0.250745 -0.965926 -0 -0.258819 1.87823 -1.17157 0.250745 -0.965926 0 -0.258819 1.85673 1.20497 0.332141 -0.965926 0 -0.258819 1.85673 -1.17157 0.332141 -0.965926 0 -0.258819 1.85673 1.20497 0.332141 -0.943883 -0 -0.330279 1.82929 1.20497 0.411679 -0.943883 -0 -0.330279 1.85673 -1.17157 0.332141 -0.943883 -0 -0.330279 1.85673 -1.17157 0.332141 -0.943883 0 -0.330279 1.82929 1.20497 0.411679 -0.943883 0 -0.330279 1.82929 -1.17157 0.411679 -0.943883 0 -0.330279 1.82929 1.20497 0.411679 -0.916562 -0 -0.399892 1.79606 1.20497 0.488916 -0.916562 -0 -0.399892 1.82929 -1.17157 0.411679 -0.916562 -0 -0.399892 1.82929 -1.17157 0.411679 -0.916562 0 -0.399892 1.79606 1.20497 0.488916 -0.916562 0 -0.399892 1.79606 -1.17157 0.488916 -0.916562 0 -0.399892 1.79606 1.20497 0.488916 -0.884115 -0 -0.467269 1.75724 1.20497 0.563418 -0.884115 -0 -0.467269 1.79606 -1.17157 0.488916 -0.884115 -0 -0.467269 1.79606 -1.17157 0.488916 -0.884115 0 -0.467269 1.75724 1.20497 0.563418 -0.884115 0 -0.467269 1.75724 -1.17157 0.563418 -0.884115 0 -0.467269 1.75724 1.20497 0.563418 -0.846724 -0 -0.532032 1.71304 1.20497 0.634769 -0.846724 -0 -0.532032 1.75724 -1.17157 0.563418 -0.846724 -0 -0.532032 1.75724 -1.17157 0.563418 -0.846724 0 -0.532032 1.71304 1.20497 0.634769 -0.846724 0 -0.532032 1.71304 -1.17157 0.634769 -0.846724 0 -0.532032 1.71304 1.20497 0.634769 -0.804598 -0 -0.59382 1.6637 1.20497 0.702571 -0.804598 -0 -0.59382 1.71304 -1.17157 0.634769 -0.804598 -0 -0.59382 1.71304 -1.17157 0.634769 -0.804598 0 -0.59382 1.6637 1.20497 0.702571 -0.804598 0 -0.59382 1.6637 -1.17157 0.702571 -0.804598 0 -0.59382 1.6637 1.20497 0.702571 -0.757972 -0 -0.652287 1.60951 1.20497 0.766443 -0.757972 -0 -0.652287 1.6637 -1.17157 0.702571 -0.757972 -0 -0.652287 1.6637 -1.17157 0.702571 -0.757972 0 -0.652287 1.60951 1.20497 0.766443 -0.757972 0 -0.652287 1.60951 -1.17157 0.766443 -0.757972 0 -0.652287 1.60951 1.20497 0.766443 -0.707106 -0 -0.707107 1.55076 1.20497 0.826029 -0.707106 -0 -0.707107 1.60951 -1.17157 0.766443 -0.707106 -0 -0.707107 1.60951 -1.17157 0.766443 -0.707106 0 -0.707107 1.55076 1.20497 0.826029 -0.707106 0 -0.707107 1.55076 -1.17157 0.826029 -0.707106 0 -0.707107 1.55076 1.20497 0.826029 -0.652287 -0 -0.757972 1.48779 1.20497 0.880996 -0.652287 -0 -0.757972 1.55076 -1.17157 0.826029 -0.652287 -0 -0.757972 1.55076 -1.17157 0.826029 -0.652287 0 -0.757972 1.48779 1.20497 0.880996 -0.652287 0 -0.757972 1.48779 -1.17157 0.880996 -0.652287 0 -0.757972 1.48779 1.20497 0.880996 -0.59382 -0 -0.804598 1.42094 1.20497 0.931035 -0.59382 -0 -0.804598 1.48779 -1.17157 0.880996 -0.59382 -0 -0.804598 1.48779 -1.17157 0.880996 -0.59382 0 -0.804598 1.42094 1.20497 0.931035 -0.59382 0 -0.804598 1.42094 -1.17157 0.931035 -0.59382 0 -0.804598 1.42094 1.20497 0.931035 -0.532032 -0 -0.846724 1.3506 1.20497 0.975868 -0.532032 -0 -0.846724 1.42094 -1.17157 0.931035 -0.532032 -0 -0.846724 1.42094 -1.17157 0.931035 -0.532032 0 -0.846724 1.3506 1.20497 0.975868 -0.532032 0 -0.846724 1.3506 -1.17157 0.975868 -0.532032 0 -0.846724 1.3506 1.20497 0.975868 -0.467268 -0 -0.884116 1.27714 1.20497 1.01524 -0.467268 -0 -0.884116 1.3506 -1.17157 0.975868 -0.467268 -0 -0.884116 1.3506 -1.17157 0.975868 -0.467268 0 -0.884116 1.27714 1.20497 1.01524 -0.467268 0 -0.884116 1.27714 -1.17157 1.01524 -0.467268 0 -0.884116 1.27714 1.20497 1.01524 -0.399892 -0 -0.916562 1.20099 1.20497 1.04894 -0.399892 -0 -0.916562 1.27714 -1.17157 1.01524 -0.399892 -0 -0.916562 1.27714 -1.17157 1.01524 -0.399892 0 -0.916562 1.20099 1.20497 1.04894 -0.399892 0 -0.916562 1.20099 -1.17157 1.04894 -0.399892 0 -0.916562 1.20099 1.20497 1.04894 -0.330279 -0 -0.943883 1.12257 1.20497 1.07677 -0.330279 -0 -0.943883 1.20099 -1.17157 1.04894 -0.330279 -0 -0.943883 1.20099 -1.17157 1.04894 -0.330279 0 -0.943883 1.12257 1.20497 1.07677 -0.330279 0 -0.943883 1.12257 -1.17157 1.07677 -0.330279 0 -0.943883 1.12257 1.20497 1.07677 -0.258819 -0 -0.965926 1.04232 1.20497 1.09858 -0.258819 -0 -0.965926 1.12257 -1.17157 1.07677 -0.258819 -0 -0.965926 1.12257 -1.17157 1.07677 -0.258819 0 -0.965926 1.04232 1.20497 1.09858 -0.258819 0 -0.965926 1.04232 -1.17157 1.09858 -0.258819 0 -0.965926 1.04232 1.20497 1.09858 -0.185912 -0 -0.982567 0.960689 1.20497 1.11425 -0.185912 -0 -0.982567 1.04232 -1.17157 1.09858 -0.185912 -0 -0.982567 1.04232 -1.17157 1.09858 -0.185912 0 -0.982567 0.960689 1.20497 1.11425 -0.185912 0 -0.982567 0.960689 -1.17157 1.11425 -0.185912 0 -0.982567 0.960689 1.20497 1.11425 -0.111965 -0 -0.993712 0.878129 1.20497 1.12368 -0.111965 -0 -0.993712 0.960689 -1.17157 1.11425 -0.111965 -0 -0.993712 0.960689 -1.17157 1.11425 -0.111965 0 -0.993712 0.878129 1.20497 1.12368 -0.111965 0 -0.993712 0.878129 -1.17157 1.12368 -0.111965 0 -0.993712 0.878129 1.20497 1.12368 -0.0373908 -0 -0.999301 0.795106 1.20497 1.12684 -0.0373908 -0 -0.999301 0.878129 -1.17157 1.12368 -0.0373908 -0 -0.999301 0.878129 -1.17157 1.12368 -0.0373908 0 -0.999301 0.795106 1.20497 1.12684 -0.0373908 0 -0.999301 0.795106 -1.17157 1.12684 -0.0373908 0 -0.999301 0.795106 1.20497 1.12684 0.0373916 0 -0.999301 0.712082 1.20497 1.12368 0.0373916 0 -0.999301 0.795106 -1.17157 1.12684 0.0373916 0 -0.999301 0.795106 -1.17157 1.12684 0.0373916 0 -0.999301 0.712082 1.20497 1.12368 0.0373916 0 -0.999301 0.712082 -1.17157 1.12368 0.0373916 0 -0.999301 0.712082 1.20497 1.12368 0.111964 0 -0.993712 0.629523 1.20497 1.11425 0.111964 0 -0.993712 0.712082 -1.17157 1.12368 0.111964 0 -0.993712 0.712082 -1.17157 1.12368 0.111964 0 -0.993712 0.629523 1.20497 1.11425 0.111964 0 -0.993712 0.629523 -1.17157 1.11425 0.111964 0 -0.993712 0.629523 1.20497 1.11425 0.185911 0 -0.982567 0.54789 1.20497 1.09858 0.185911 0 -0.982567 0.629523 -1.17157 1.11425 0.185911 0 -0.982567 0.629523 -1.17157 1.11425 0.185911 0 -0.982567 0.54789 1.20497 1.09858 0.185911 0 -0.982567 0.54789 -1.17157 1.09858 0.185911 0 -0.982567 0.54789 1.20497 1.09858 0.258819 0 -0.965926 0.467639 1.20497 1.07677 0.258819 0 -0.965926 0.54789 -1.17157 1.09858 0.258819 0 -0.965926 0.54789 -1.17157 1.09858 0.258819 0 -0.965926 0.467639 1.20497 1.07677 0.258819 0 -0.965926 0.467639 -1.17157 1.07677 0.258819 0 -0.965926 0.467639 1.20497 1.07677 0.330279 0 -0.943883 0.38922 1.20497 1.04894 0.330279 0 -0.943883 0.467639 -1.17157 1.07677 0.330279 0 -0.943883 0.467639 -1.17157 1.07677 0.330279 0 -0.943883 0.38922 1.20497 1.04894 0.330279 0 -0.943883 0.38922 -1.17157 1.04894 0.330279 0 -0.943883 0.38922 1.20497 1.04894 0.399892 0 -0.916562 0.31307 1.20497 1.01524 0.399892 0 -0.916562 0.38922 -1.17157 1.04894 0.399892 0 -0.916562 0.38922 -1.17157 1.04894 0.399892 0 -0.916562 0.31307 1.20497 1.01524 0.399892 0 -0.916562 0.31307 -1.17157 1.01524 0.399892 0 -0.916562 0.31307 1.20497 1.01524 0.467269 0 -0.884115 0.239617 1.20497 0.975868 0.467269 0 -0.884115 0.31307 -1.17157 1.01524 0.467269 0 -0.884115 0.31307 -1.17157 1.01524 0.467269 0 -0.884115 0.239617 1.20497 0.975868 0.467269 0 -0.884115 0.239617 -1.17157 0.975868 0.467269 0 -0.884115 0.239617 1.20497 0.975868 0.532033 0 -0.846724 0.16927 1.20497 0.931035 0.532033 0 -0.846724 0.239617 -1.17157 0.975868 0.532033 0 -0.846724 0.239617 -1.17157 0.975868 0.532033 0 -0.846724 0.16927 1.20497 0.931035 0.532033 0 -0.846724 0.16927 -1.17157 0.931035 0.532033 0 -0.846724 0.16927 1.20497 0.931035 0.59382 0 -0.804598 0.102422 1.20497 0.880995 0.59382 0 -0.804598 0.16927 -1.17157 0.931035 0.59382 0 -0.804598 0.16927 -1.17157 0.931035 0.59382 0 -0.804598 0.102422 1.20497 0.880995 0.59382 0 -0.804598 0.102422 -1.17157 0.880995 0.59382 0 -0.804598 0.102422 1.20497 0.880995 0.652288 0 -0.757972 0.0394489 1.20497 0.826029 0.652288 0 -0.757972 0.102422 -1.17157 0.880995 0.652288 0 -0.757972 0.102422 -1.17157 0.880995 0.652288 0 -0.757972 0.0394489 1.20497 0.826029 0.652288 0 -0.757972 0.0394489 -1.17157 0.826029 0.652288 0 -0.757972 0.0394489 1.20497 0.826029 0.707107 0 -0.707107 -0.0192989 1.20497 0.766443 0.707107 0 -0.707107 0.0394489 -1.17157 0.826029 0.707107 0 -0.707107 0.0394489 -1.17157 0.826029 0.707107 0 -0.707107 -0.0192989 1.20497 0.766443 0.707107 0 -0.707107 -0.0192989 -1.17157 0.766443 0.707107 0 -0.707107 -0.0192989 1.20497 0.766443 0.757972 0 -0.652287 -0.0734918 1.20497 0.70257 0.757972 0 -0.652287 -0.0192989 -1.17157 0.766443 0.757972 0 -0.652287 -0.0192989 -1.17157 0.766443 0.757972 0 -0.652287 -0.0734918 1.20497 0.70257 0.757972 0 -0.652287 -0.0734918 -1.17157 0.70257 0.757972 0 -0.652287 -0.0734918 1.20497 0.70257 0.804598 0 -0.59382 -0.122827 1.20497 0.634769 0.804598 0 -0.59382 -0.0734918 -1.17157 0.70257 0.804598 0 -0.59382 -0.0734918 -1.17157 0.70257 0.804598 0 -0.59382 -0.122827 1.20497 0.634769 0.804598 0 -0.59382 -0.122827 -1.17157 0.634769 0.804598 0 -0.59382 -0.122827 1.20497 0.634769 0.846724 0 -0.532033 -0.16703 1.20497 0.563418 0.846724 0 -0.532033 -0.122827 -1.17157 0.634769 0.846724 0 -0.532033 -0.122827 -1.17157 0.634769 0.846724 0 -0.532033 -0.16703 1.20497 0.563418 0.846724 0 -0.532033 -0.16703 -1.17157 0.563418 0.846724 0 -0.532033 -0.16703 1.20497 0.563418 0.884116 0 -0.467268 -0.205851 1.20497 0.488916 0.884116 0 -0.467268 -0.16703 -1.17157 0.563418 0.884116 0 -0.467268 -0.16703 -1.17157 0.563418 0.884116 0 -0.467268 -0.205851 1.20497 0.488916 0.884116 0 -0.467268 -0.205851 -1.17157 0.488916 0.884116 0 -0.467268 -0.205851 1.20497 0.488916 0.916562 0 -0.399893 -0.239075 1.20497 0.411679 0.916562 0 -0.399893 -0.205851 -1.17157 0.488916 0.916562 0 -0.399893 -0.205851 -1.17157 0.488916 0.916562 0 -0.399893 -0.239075 1.20497 0.411679 0.916562 0 -0.399893 -0.239075 -1.17157 0.411679 0.916562 0 -0.399893 -0.239075 1.20497 0.411679 0.943883 0 -0.330279 -0.266515 1.20497 0.332141 0.943883 0 -0.330279 -0.239075 -1.17157 0.411679 0.943883 0 -0.330279 -0.239075 -1.17157 0.411679 0.943883 0 -0.330279 -0.266515 1.20497 0.332141 0.943883 0 -0.330279 -0.266515 -1.17157 0.332141 0.943883 0 -0.330279 -0.266515 1.20497 0.332141 0.965926 0 -0.258819 -0.288018 1.20497 0.250745 0.965926 0 -0.258819 -0.266515 -1.17157 0.332141 0.965926 0 -0.258819 -0.266515 -1.17157 0.332141 0.965926 0 -0.258819 -0.288018 1.20497 0.250745 0.965926 0 -0.258819 -0.288018 -1.17157 0.250745 0.965926 0 -0.258819 -0.288018 1.20497 0.250745 0.982566 0 -0.185912 -0.303464 1.20497 0.167946 0.982566 0 -0.185912 -0.288018 -1.17157 0.250745 0.982566 0 -0.185912 -0.288018 -1.17157 0.250745 0.982566 0 -0.185912 -0.303464 1.20497 0.167946 0.982566 0 -0.185912 -0.303464 -1.17157 0.167946 0.982566 0 -0.185912 -0.303464 1.20497 0.167946 0.993712 0 -0.111964 -0.312766 1.20497 0.0842087 0.993712 0 -0.111964 -0.303464 -1.17157 0.167946 0.993712 0 -0.111964 -0.303464 -1.17157 0.167946 0.993712 0 -0.111964 -0.312766 1.20497 0.0842087 0.993712 0 -0.111964 -0.312766 -1.17157 0.0842087 0.993712 0 -0.111964 -0.312766 1.20497 0.0842087 0.999301 0 -0.0373915 -0.315872 1.20497 -9.85111e-08 0.999301 0 -0.0373915 -0.312766 -1.17157 0.0842087 0.999301 0 -0.0373915 -0.312766 -1.17157 0.0842087 0.999301 0 -0.0373915 -0.315872 1.20497 -9.85111e-08 0.999301 0 -0.0373915 -0.315872 -1.17157 -9.85111e-08 0.999301 0 -0.0373915 -0.315872 1.20497 -9.85111e-08 0.999301 0 0.0373915 -0.312766 1.20497 -0.0842088 0.999301 0 0.0373915 -0.315872 -1.17157 -9.85111e-08 0.999301 0 0.0373915 -0.315872 -1.17157 -9.85111e-08 0.999301 0 0.0373915 -0.312766 1.20497 -0.0842088 0.999301 0 0.0373915 -0.312766 -1.17157 -0.0842088 0.999301 0 0.0373915 -0.312766 1.20497 -0.0842088 0.993712 0 0.111964 -0.303464 1.20497 -0.167946 0.993712 0 0.111964 -0.312766 -1.17157 -0.0842088 0.993712 0 0.111964 -0.312766 -1.17157 -0.0842088 0.993712 0 0.111964 -0.303464 1.20497 -0.167946 0.993712 0 0.111964 -0.303464 -1.17157 -0.167946 0.993712 0 0.111964 -0.303464 1.20497 -0.167946 0.982566 0 0.185912 -0.288018 1.20497 -0.250744 0.982566 0 0.185912 -0.303464 -1.17157 -0.167946 0.982566 0 0.185912 -0.303464 -1.17157 -0.167946 0.982566 0 0.185912 -0.288018 1.20497 -0.250744 0.982566 0 0.185912 -0.288018 -1.17157 -0.250744 0.982566 0 0.185912 -0.288018 1.20497 -0.250744 0.965926 0 0.258819 -0.266515 1.20497 -0.332141 0.965926 0 0.258819 -0.288018 -1.17157 -0.250744 0.965926 0 0.258819 -0.288018 -1.17157 -0.250744 0.965926 0 0.258819 -0.266515 1.20497 -0.332141 0.965926 0 0.258819 -0.266515 -1.17157 -0.332141 0.965926 0 0.258819 -0.266515 1.20497 -0.332141 0.943883 0 0.33028 -0.239074 1.20497 -0.411679 0.943883 0 0.33028 -0.266515 -1.17157 -0.332141 0.943883 0 0.33028 -0.266515 -1.17157 -0.332141 0.943883 0 0.33028 -0.239074 1.20497 -0.411679 0.943883 0 0.33028 -0.239074 -1.17157 -0.411679 0.943883 0 0.33028 -0.239074 1.20497 -0.411679 0.916562 0 0.399892 -0.205851 1.20497 -0.488916 0.916562 0 0.399892 -0.239074 -1.17157 -0.411679 0.916562 0 0.399892 -0.239074 -1.17157 -0.411679 0.916562 0 0.399892 -0.205851 1.20497 -0.488916 0.916562 0 0.399892 -0.205851 -1.17157 -0.488916 0.916562 0 0.399892 -0.205851 1.20497 -0.488916 0.884115 0 0.467269 -0.16703 1.20497 -0.563418 0.884115 0 0.467269 -0.205851 -1.17157 -0.488916 0.884115 0 0.467269 -0.205851 -1.17157 -0.488916 0.884115 0 0.467269 -0.16703 1.20497 -0.563418 0.884115 0 0.467269 -0.16703 -1.17157 -0.563418 0.884115 0 0.467269 -0.16703 1.20497 -0.563418 0.846724 0 0.532032 -0.122827 1.20497 -0.634769 0.846724 0 0.532032 -0.16703 -1.17157 -0.563418 0.846724 0 0.532032 -0.16703 -1.17157 -0.563418 0.846724 0 0.532032 -0.122827 1.20497 -0.634769 0.846724 0 0.532032 -0.122827 -1.17157 -0.634769 0.846724 0 0.532032 -0.122827 1.20497 -0.634769 0.804597 0 0.593821 -0.0734917 1.20497 -0.702571 0.804597 0 0.593821 -0.122827 -1.17157 -0.634769 0.804597 0 0.593821 -0.122827 -1.17157 -0.634769 0.804597 0 0.593821 -0.0734917 1.20497 -0.702571 0.804597 0 0.593821 -0.0734917 -1.17157 -0.702571 0.804597 0 0.593821 -0.0734917 1.20497 -0.702571 0.757972 0 0.652287 -0.0192985 1.20497 -0.766443 0.757972 0 0.652287 -0.0734917 -1.17157 -0.702571 0.757972 0 0.652287 -0.0734917 -1.17157 -0.702571 0.757972 0 0.652287 -0.0192985 1.20497 -0.766443 0.757972 0 0.652287 -0.0192985 -1.17157 -0.766443 0.757972 0 0.652287 -0.0192985 1.20497 -0.766443 0.707107 0 0.707107 0.0394489 1.20497 -0.826029 0.707107 0 0.707107 -0.0192985 -1.17157 -0.766443 0.707107 0 0.707107 -0.0192985 -1.17157 -0.766443 0.707107 0 0.707107 0.0394489 1.20497 -0.826029 0.707107 0 0.707107 0.0394489 -1.17157 -0.826029 0.707107 0 0.707107 0.0394489 1.20497 -0.826029 0.652287 0 0.757972 0.102423 1.20497 -0.880996 0.652287 0 0.757972 0.0394489 -1.17157 -0.826029 0.652287 0 0.757972 0.0394489 -1.17157 -0.826029 0.652287 0 0.757972 0.102423 1.20497 -0.880996 0.652287 0 0.757972 0.102423 -1.17157 -0.880996 0.652287 0 0.757972 0.102423 1.20497 -0.880996 0.59382 0 0.804598 0.16927 1.20497 -0.931035 0.59382 0 0.804598 0.102423 -1.17157 -0.880996 0.59382 0 0.804598 0.102423 -1.17157 -0.880996 0.59382 0 0.804598 0.16927 1.20497 -0.931035 0.59382 0 0.804598 0.16927 -1.17157 -0.931035 0.59382 0 0.804598 0.16927 1.20497 -0.931035 0.532032 0 0.846724 0.239617 1.20497 -0.975868 0.532032 0 0.846724 0.16927 -1.17157 -0.931035 0.532032 0 0.846724 0.16927 -1.17157 -0.931035 0.532032 0 0.846724 0.239617 1.20497 -0.975868 0.532032 0 0.846724 0.239617 -1.17157 -0.975868 0.532032 0 0.846724 0.239617 1.20497 -0.975868 0.467269 0 0.884115 0.31307 1.20497 -1.01524 0.467269 0 0.884115 0.239617 -1.17157 -0.975868 0.467269 0 0.884115 0.239617 -1.17157 -0.975868 0.467269 0 0.884115 0.31307 1.20497 -1.01524 0.467269 0 0.884115 0.31307 -1.17157 -1.01524 0.467269 0 0.884115 0.31307 1.20497 -1.01524 0.399892 0 0.916562 0.38922 1.20497 -1.04894 0.399892 0 0.916562 0.31307 -1.17157 -1.01524 0.399892 0 0.916562 0.31307 -1.17157 -1.01524 0.399892 0 0.916562 0.38922 1.20497 -1.04894 0.399892 0 0.916562 0.38922 -1.17157 -1.04894 0.399892 0 0.916562 0.38922 1.20497 -1.04894 0.330279 0 0.943883 0.46764 1.20497 -1.07677 0.330279 0 0.943883 0.38922 -1.17157 -1.04894 0.330279 0 0.943883 0.38922 -1.17157 -1.04894 0.330279 0 0.943883 0.46764 1.20497 -1.07677 0.330279 0 0.943883 0.46764 -1.17157 -1.07677 0.330279 0 0.943883 0.46764 1.20497 -1.07677 0.258819 0 0.965926 0.547891 1.20497 -1.09858 0.258819 0 0.965926 0.46764 -1.17157 -1.07677 0.258819 0 0.965926 0.46764 -1.17157 -1.07677 0.258819 0 0.965926 0.547891 1.20497 -1.09858 0.258819 0 0.965926 0.547891 -1.17157 -1.09858 0.258819 0 0.965926 0.547891 1.20497 -1.09858 0.185911 0 0.982567 0.629523 1.20497 -1.11425 0.185911 0 0.982567 0.547891 -1.17157 -1.09858 0.185911 0 0.982567 0.547891 -1.17157 -1.09858 0.185911 0 0.982567 0.629523 1.20497 -1.11425 0.185911 0 0.982567 0.629523 -1.17157 -1.11425 0.185911 0 0.982567 0.629523 1.20497 -1.11425 0.111964 0 0.993712 0.712082 1.20497 -1.12368 0.111964 0 0.993712 0.629523 -1.17157 -1.11425 0.111964 0 0.993712 0.629523 -1.17157 -1.11425 0.111964 0 0.993712 0.712082 1.20497 -1.12368 0.111964 0 0.993712 0.712082 -1.17157 -1.12368 0.111964 0 0.993712 0.712082 1.20497 -1.12368 0.0373915 0 0.999301 0.795106 1.20497 -1.12684 0.0373915 0 0.999301 0.712082 -1.17157 -1.12368 0.0373915 0 0.999301 0.712082 -1.17157 -1.12368 0.0373915 0 0.999301 0.795106 1.20497 -1.12684 0.0373915 0 0.999301 0.795106 -1.17157 -1.12684 0.0373915 0 0.999301 0.795106 1.20497 -1.12684 -0.0373915 0 0.999301 0.87813 1.20497 -1.12368 -0.0373915 0 0.999301 0.795106 -1.17157 -1.12684 -0.0373915 0 0.999301 0.795106 -1.17157 -1.12684 -0.0373915 0 0.999301 0.87813 1.20497 -1.12368 -0.0373915 0 0.999301 0.87813 -1.17157 -1.12368 -0.0373915 0 0.999301 0.87813 1.20497 -1.12368 -0.111965 0 0.993712 0.960689 1.20497 -1.11425 -0.111965 0 0.993712 0.87813 -1.17157 -1.12368 -0.111965 0 0.993712 0.87813 -1.17157 -1.12368 -0.111965 0 0.993712 0.960689 1.20497 -1.11425 -0.111965 0 0.993712 0.960689 -1.17157 -1.11425 -0.111965 0 0.993712 0.960689 1.20497 -1.11425 -0.185911 0 0.982567 1.04232 1.20497 -1.09858 -0.185911 0 0.982567 0.960689 -1.17157 -1.11425 -0.185911 0 0.982567 0.960689 -1.17157 -1.11425 -0.185911 0 0.982567 1.04232 1.20497 -1.09858 -0.185911 0 0.982567 1.04232 -1.17157 -1.09858 -0.185911 0 0.982567 1.04232 1.20497 -1.09858 -0.258819 0 0.965926 1.12257 1.20497 -1.07677 -0.258819 0 0.965926 1.04232 -1.17157 -1.09858 -0.258819 0 0.965926 1.04232 -1.17157 -1.09858 -0.258819 0 0.965926 1.12257 1.20497 -1.07677 -0.258819 0 0.965926 1.12257 -1.17157 -1.07677 -0.258819 0 0.965926 1.12257 1.20497 -1.07677 -0.330279 0 0.943883 1.20099 1.20497 -1.04894 -0.330279 0 0.943883 1.12257 -1.17157 -1.07677 -0.330279 0 0.943883 1.12257 -1.17157 -1.07677 -0.330279 0 0.943883 1.20099 1.20497 -1.04894 -0.330279 0 0.943883 1.20099 -1.17157 -1.04894 -0.330279 0 0.943883 1.20099 1.20497 -1.04894 -0.399892 0 0.916562 1.27714 1.20497 -1.01524 -0.399892 0 0.916562 1.20099 -1.17157 -1.04894 -0.399892 0 0.916562 1.20099 -1.17157 -1.04894 -0.399892 0 0.916562 1.27714 1.20497 -1.01524 -0.399892 0 0.916562 1.27714 -1.17157 -1.01524 -0.399892 0 0.916562 1.27714 1.20497 -1.01524 -0.467269 0 0.884115 1.3506 1.20497 -0.975868 -0.467269 0 0.884115 1.27714 -1.17157 -1.01524 -0.467269 0 0.884115 1.27714 -1.17157 -1.01524 -0.467269 0 0.884115 1.3506 1.20497 -0.975868 -0.467269 0 0.884115 1.3506 -1.17157 -0.975868 -0.467269 0 0.884115 1.3506 1.20497 -0.975868 -0.532032 0 0.846724 1.42094 1.20497 -0.931035 -0.532032 0 0.846724 1.3506 -1.17157 -0.975868 -0.532032 0 0.846724 1.3506 -1.17157 -0.975868 -0.532032 0 0.846724 1.42094 1.20497 -0.931035 -0.532032 0 0.846724 1.42094 -1.17157 -0.931035 -0.532032 0 0.846724 1.42094 1.20497 -0.931035 -0.59382 0 0.804598 1.48779 1.20497 -0.880995 -0.59382 0 0.804598 1.42094 -1.17157 -0.931035 -0.59382 0 0.804598 1.42094 -1.17157 -0.931035 -0.59382 0 0.804598 1.48779 1.20497 -0.880995 -0.59382 0 0.804598 1.48779 -1.17157 -0.880995 -0.59382 0 0.804598 1.48779 1.20497 -0.880995 -0.652288 0 0.757971 1.55076 1.20497 -0.826029 -0.652288 0 0.757971 1.48779 -1.17157 -0.880995 -0.652288 0 0.757971 1.48779 -1.17157 -0.880995 -0.652288 0 0.757971 1.55076 1.20497 -0.826029 -0.652288 0 0.757971 1.55076 -1.17157 -0.826029 -0.652288 0 0.757971 1.55076 1.20497 -0.826029 -0.707107 0 0.707107 1.60951 1.20497 -0.766443 -0.707107 0 0.707107 1.55076 -1.17157 -0.826029 -0.707107 0 0.707107 1.55076 -1.17157 -0.826029 -0.707107 0 0.707107 1.60951 1.20497 -0.766443 -0.707107 0 0.707107 1.60951 -1.17157 -0.766443 -0.707107 0 0.707107 1.60951 1.20497 -0.766443 -0.757972 0 0.652287 1.6637 1.20497 -0.702571 -0.757972 0 0.652287 1.60951 -1.17157 -0.766443 -0.757972 0 0.652287 1.60951 -1.17157 -0.766443 -0.757972 0 0.652287 1.6637 1.20497 -0.702571 -0.757972 0 0.652287 1.6637 -1.17157 -0.702571 -0.757972 0 0.652287 1.6637 1.20497 -0.702571 -0.804598 0 0.59382 1.71304 1.20497 -0.634769 -0.804598 0 0.59382 1.6637 -1.17157 -0.702571 -0.804598 0 0.59382 1.6637 -1.17157 -0.702571 -0.804598 0 0.59382 1.71304 1.20497 -0.634769 -0.804598 0 0.59382 1.71304 -1.17157 -0.634769 -0.804598 0 0.59382 1.71304 1.20497 -0.634769 -0.846724 0 0.532032 1.75724 1.20497 -0.563418 -0.846724 0 0.532032 1.71304 -1.17157 -0.634769 -0.846724 0 0.532032 1.71304 -1.17157 -0.634769 -0.846724 0 0.532032 1.75724 1.20497 -0.563418 -0.846724 0 0.532032 1.75724 -1.17157 -0.563418 -0.846724 0 0.532032 1.75724 1.20497 -0.563418 -0.884116 0 0.467268 1.79606 1.20497 -0.488916 -0.884116 0 0.467268 1.75724 -1.17157 -0.563418 -0.884116 0 0.467268 1.75724 -1.17157 -0.563418 -0.884116 0 0.467268 1.79606 1.20497 -0.488916 -0.884116 0 0.467268 1.79606 -1.17157 -0.488916 -0.884116 0 0.467268 1.79606 1.20497 -0.488916 -0.916562 0 0.399892 1.82929 1.20497 -0.411679 -0.916562 0 0.399892 1.79606 -1.17157 -0.488916 -0.916562 0 0.399892 1.79606 -1.17157 -0.488916 -0.916562 0 0.399892 1.82929 1.20497 -0.411679 -0.916562 0 0.399892 1.82929 -1.17157 -0.411679 -0.916562 0 0.399892 1.82929 1.20497 -0.411679 -0.943883 0 0.330279 1.85673 1.20497 -0.33214 -0.943883 0 0.330279 1.82929 -1.17157 -0.411679 -0.943883 0 0.330279 1.82929 -1.17157 -0.411679 -0.943883 0 0.330279 1.85673 1.20497 -0.33214 -0.943883 0 0.330279 1.85673 -1.17157 -0.33214 -0.943883 0 0.330279 1.85673 1.20497 -0.33214 -0.965926 0 0.258819 1.87823 1.20497 -0.250744 -0.965926 0 0.258819 1.85673 -1.17157 -0.33214 -0.965926 0 0.258819 1.85673 -1.17157 -0.33214 -0.965926 0 0.258819 1.87823 1.20497 -0.250744 -0.965926 0 0.258819 1.87823 -1.17157 -0.250744 -0.965926 0 0.258819 1.87823 1.20497 -0.250744 -0.982566 0 0.185912 1.89368 1.20497 -0.167946 -0.982566 0 0.185912 1.87823 -1.17157 -0.250744 -0.982566 0 0.185912 1.87823 -1.17157 -0.250744 -0.982566 0 0.185912 1.89368 1.20497 -0.167946 -0.982566 0 0.185912 1.89368 -1.17157 -0.167946 -0.982566 0 0.185912 1.89368 1.20497 -0.167946 -0.993712 0 0.111964 1.90298 1.20497 -0.0842085 -0.993712 0 0.111964 1.89368 -1.17157 -0.167946 -0.993712 0 0.111964 1.89368 -1.17157 -0.167946 -0.993712 0 0.111964 1.90298 1.20497 -0.0842085 -0.993712 0 0.111964 1.90298 -1.17157 -0.0842085 -0.993712 0 0.111964 1.90298 1.20497 -0.0842085 -0.999301 0 0.0373916 1.90608 1.20497 0 -0.999301 0 0.0373916 1.90298 -1.17157 -0.0842085 -0.999301 0 0.0373916 1.90298 -1.17157 -0.0842085 -0.999301 0 0.0373916 1.90608 1.20497 0 -0.999301 0 0.0373916 1.90608 -1.17157 0 -0.999301 0 0.0373916 
end
0 1 2 3 4 5 6 7 8 9 10 11 12 13 14 15 16 17 18 19 20 21 22 23 24 25 26 27 28 29 30 31 32 33 34 35 36 37 38 39 40 41 42 43 44 45 46 47 48 49 50 51 52 53 54 55 56 57 58 59 60 61 62 63 64 65 66 67 68 69 70 71 72 73 74 75 76 77 78 79 80 81 82 83 84 85 86 87 88 89 90 91 92 93 94 95 96 97 98 99 100 101 102 103 104 105 106 107 108 109 110 111 112 113 114 115 116 117 118 119 120 121 122 123 124 125 126 127 128 129 130 131 132 133 134 135 136 137 138 139 140 141 142 143 144 145 146 147 148 149 150 151 152 153 154 155 156 157 158 159 160 161 162 163 164 165 166 167 168 169 170 171 172 173 174 175 176 177 178 179 180 181 182 183 184 185 186 187 188 189 190 191 192 193 194 195 196 197 198 199 200 201 202 203 204 205 206 207 208 209 210 211 212 213 214 215 216 217 218 219 220 221 222 223 224 225 226 227 228 229 230 231 232 233 234 235 236 237 238 239 240 241 242 243 244 245 246 247 248 249 250 251 252 253 254 255 256 257 258 259 260 261 262 263 264 265 266 267 268 269 270 271 272 273 274 275 276 277 278 279 280 281 282 283 284 285 286 287 288 289 290 291 292 293 294 295 296 297 298 299 300 301 302 303 304 305 306 307 308 309 310 311 312 313 314 315 316 317 318 319 320 321 322 323 324 325 326 327 328 329 330 331 332 333 334 335 336 337 338 339 340 341 342 343 344 345 346 347 348 349 350 351 352 353 354 355 356 357 358 359 360 361 362 363 364 365 366 367 368 369 370 371 372 373 374 375 376 377 378 379 380 381 382 383 384 385 386 387 388 389 390 391 392 393 394 395 396 397 398 399 400 401 402 403 404 405 406 407 408 409 410 411 412 413 414 415 416 417 418 419 420 421 422 423 424 425 426 427 428 429 430 431 432 433 434 435 436 437 438 439 440 441 442 443 444 445 446 447 448 449 450 451 452 453 454 455 456 457 458 459 460 461 462 463 464 465 466 467 468 469 470 471 472 473 474 475 476 477 478 479 480 481 482 483 484 485 486 487 488 489 490 491 492 493 494 495 496 497 498 499 500 501 502 503 504 505 506 507 508 509 510 511 512 513 514 515 516 517 518 519 520 521 522 523 524 525 526 527 528 529 530 531 532 533 534 535 536 537 538 539 540 541 542 543 544 545 546 547 548 549 550 551 552 553 554 555 556 557 558 559 560 561 562 563 564 565 566 567 568 569 570 571 572 573 574 575 576 577 578 579 580 581 582 583 584 585 586 587 588 589 590 591 592 593 594 595 596 597 598 599 600 601 602 603 604 605 606 607 608 609 610 611 612 613 614 615 616 617 618 619 620 621 622 623 624 625 626 627 628 629 630 631 632 633 634 635 636 637 638 639 640 641 642 643 644 645 646 647 648 649 650 651 652 653 654 655 656 657 658 659 660 661 662 663 664 665 666 667 668 669 670 671 672 673 674 675 676 677 678 679 680 681 682 683 684 685 686 687 688 689 690 691 692 693 694 695 696 697 698 699 700 701 702 703 704 705 706 707 708 709 710 711 712 713 714 715 716 717 718 719 720 721 722 723 724 725 726 727 728 729 730 731 732 733 734 735 736 737 738 739 740 741 742 743 744 745 746 747 748 749 750 751 752 753 754 755 756 757 758 759 760 761 762 763 764 765 766 767 768 769 770 771 772 773 774 775 776 777 778 779 780 781 782 783 784 785 786 787 788 789 790 791 792 793 794 795 796 797 798 799 800 801 802 803 804 805 806 807 808 809 810 811 812 813 814 815 816 817 818 819 820 821 822 823 824 825 826 827 828 829 830 831 832 833 834 835 836 837 838 839 840 841 842 843 844 845 846 847 848 849 850 851 852 853 854 855 856 857 858 859 860 861 862 863 864 865 866 867 868 869 870 871 872 873 874 875 876 877 878 879 880 881 882 883 884 885 886 887 888 889 890 891 892 893 894 895 896 897 898 899 900 901 902 903 904 905 906 907 908 909 910 911 912 913 914 915 916 917 918 919 920 921 922 923 924 925 926 927 928 929 930 931 932 933 934 935 936 937 938 939 940 941 942 943 944 945 946 947 948 949 950 951 952 953 954 955 956 957 958 959 960 961 962 963 964 965 966 967 968 969 970 971 972 973 974 975 976 977 978 979 980 981 982 983 984 985 986 987 988 989 990 991 992 993 994 995 996 997 998 999 1000 1001 1002 1003 1004 1005 1006 1007 1008 1009 1010 1011 1012 1013 1014 1015 1016 1017 1018 1019 1020 1021 1022 1023 1024 1025 1026 1027 1028 1029 1030 1031 1032 1033 1034 1035 1036 1037 1038 1039 1040 1041 1042 1043 1044 1045 1046 
end
