Призмы.
Призма - это многогранник, 
в основаниях которого лежат равные
многоугольники, а боковые грани - 
параллелограммы.

Основания призмы - это две грани, 
являющиеся равными 
многоугольниками, которые лежат 
в параллельных плоскостях.

Боковыми гранями являются все 
грани призмы, кроме оснований. 
Каждая боковая грань является 
параллелограммом.
end
5.67934 -1.85029 -1.89833 0 1 0 6.77534 -1.85029 0 0 1 0 5.67934 -1.85029 1.89833 0 1 0 8.96734 -1.85029 3.83261e-07 0 1 0 6.77534 -1.85029 0 0 1 0 5.67934 -1.85029 -1.89833 0 1 0 5.67934 -1.85029 1.89833 0 1 0 6.77534 -1.85029 0 0 1 0 8.96734 -1.85029 3.83261e-07 0 1 0 6.77534 2.14271 0 0 0 0 5.67934 2.14271 1.89833 0 0 0 6.77534 2.14271 0 0 0 0 6.77534 2.14271 0 0 -1 0 5.67934 2.14271 -1.89833 0 -1 0 5.67934 2.14271 1.89833 0 -1 0 6.77534 2.14271 0 0 -1 0 8.96734 2.14271 3.83261e-07 0 -1 0 5.67934 2.14271 -1.89833 0 -1 0 6.77534 2.14271 0 0 -1 0 5.67934 2.14271 1.89833 0 -1 0 8.96734 2.14271 3.83261e-07 0 -1 0 8.96734 2.14271 0 -0.5 -0 -0.866025 5.67934 2.14271 1.89833 -0.5 -0 -0.866025 8.96734 -1.85029 0 -0.5 -0 -0.866025 8.96734 -1.85029 0 -0.5 0 -0.866025 5.67934 2.14271 1.89833 -0.5 0 -0.866025 5.67934 -1.85029 1.89833 -0.5 0 -0.866025 5.67934 2.14271 1.89833 1 0 9.41955e-08 5.67934 2.14271 -1.89833 1 0 9.41955e-08 5.67934 -1.85029 1.89833 1 0 9.41955e-08 5.67934 -1.85029 1.89833 1 0 9.41955e-08 5.67934 2.14271 -1.89833 1 0 9.41955e-08 5.67934 -1.85029 -1.89833 1 0 9.41955e-08 5.67934 2.14271 -1.89833 -0.5 0 0.866025 8.96734 2.14271 0 -0.5 0 0.866025 5.67934 -1.85029 -1.89833 -0.5 0 0.866025 5.67934 -1.85029 -1.89833 -0.5 0 0.866025 8.96734 2.14271 0 -0.5 0 0.866025 8.96734 -1.85029 0 -0.5 0 0.866025 0.473509 -1.9886 -1.91631e-07 0 1 0 2.66551 -1.9886 0 0 1 0 2.66551 -1.9886 2.192 0 1 0 2.66551 -1.9886 -2.192 0 1 0 2.66551 -1.9886 0 0 1 0 0.473509 -1.9886 -1.91631e-07 0 1 0 4.85751 -1.9886 3.83261e-07 0 1 0 2.66551 -1.9886 0 0 1 0 2.66551 -1.9886 -2.192 0 1 0 2.66551 -1.9886 2.192 0 1 0 2.66551 -1.9886 0 0 1 0 4.85751 -1.9886 3.83261e-07 0 1 0 2.66551 2.0044 0 0 0 0 2.66551 2.0044 2.192 0 0 0 2.66551 2.0044 0 0 0 0 2.66551 2.0044 0 0 -1 0 0.473509 2.0044 -1.91631e-07 0 -1 0 2.66551 2.0044 2.192 0 -1 0 2.66551 2.0044 0 0 -1 0 2.66551 2.0044 -2.192 0 -1 0 0.473509 2.0044 -1.91631e-07 0 -1 0 2.66551 2.0044 0 0 -1 0 4.85751 2.0044 3.83261e-07 0 -1 0 2.66551 2.0044 -2.192 0 -1 0 2.66551 2.0044 0 0 -1 0 2.66551 2.0044 2.192 0 -1 0 4.85751 2.0044 3.83261e-07 0 -1 0 4.85751 2.0044 0 -0.707107 -0 -0.707107 2.66551 2.0044 2.192 -0.707107 -0 -0.707107 4.85751 -1.9886 0 -0.707107 -0 -0.707107 4.85751 -1.9886 0 -0.707107 0 -0.707107 2.66551 2.0044 2.192 -0.707107 0 -0.707107 2.66551 -1.9886 2.192 -0.707107 0 -0.707107 2.66551 2.0044 2.192 0.707107 0 -0.707107 0.473509 2.0044 -1.91631e-07 0.707107 0 -0.707107 2.66551 -1.9886 2.192 0.707107 0 -0.707107 2.66551 -1.9886 2.192 0.707107 0 -0.707107 0.473509 2.0044 -1.91631e-07 0.707107 0 -0.707107 0.473509 -1.9886 -1.91631e-07 0.707107 0 -0.707107 0.473509 2.0044 -1.91631e-07 0.707107 0 0.707107 2.66551 2.0044 -2.192 0.707107 0 0.707107 0.473509 -1.9886 -1.91631e-07 0.707107 0 0.707107 0.473509 -1.9886 -1.91631e-07 0.707107 0 0.707107 2.66551 2.0044 -2.192 0.707107 0 0.707107 2.66551 -1.9886 -2.192 0.707107 0 0.707107 2.66551 2.0044 -2.192 -0.707107 0 0.707107 4.85751 2.0044 0 -0.707107 0 0.707107 2.66551 -1.9886 -2.192 -0.707107 0 0.707107 2.66551 -1.9886 -2.192 -0.707107 0 0.707107 4.85751 2.0044 0 -0.707107 0 0.707107 4.85751 -1.9886 0 -0.707107 0 0.707107 -4.06624 -1.83307 1.28843 0 1 0 -2.29288 -1.83307 0 0 1 0 -1.61551 -1.83307 2.08472 0 1 0 -4.06624 -1.83307 -1.28843 0 1 0 -2.29288 -1.83307 0 0 1 0 -4.06624 -1.83307 1.28843 0 1 0 -1.61551 -1.83307 -2.08472 0 1 0 -2.29288 -1.83307 0 0 1 0 -4.06624 -1.83307 -1.28843 0 1 0 -0.100877 -1.83307 3.83261e-07 0 1 0 -2.29288 -1.83307 0 0 1 0 -1.61551 -1.83307 -2.08472 0 1 0 -1.61551 -1.83307 2.08472 0 1 0 -2.29288 -1.83307 0 0 1 0 -0.100877 -1.83307 3.83261e-07 0 1 0 -2.29288 2.15993 0 0 0 0 -1.61551 2.15993 2.08472 0 0 0 -2.29288 2.15993 0 0 0 0 -2.29288 2.15993 0 0 -1 0 -4.06624 2.15993 1.28843 0 -1 0 -1.61551 2.15993 2.08472 0 -1 0 -2.29288 2.15993 0 0 -1 0 -4.06624 2.15993 -1.28843 0 -1 0 -4.06624 2.15993 1.28843 0 -1 0 -2.29288 2.15993 0 0 -1 0 -1.61551 2.15993 -2.08472 0 -1 0 -4.06624 2.15993 -1.28843 0 -1 0 -2.29288 2.15993 0 0 -1 0 -0.100877 2.15993 3.83261e-07 0 -1 0 -1.61551 2.15993 -2.08472 0 -1 0 -2.29288 2.15993 0 0 -1 0 -1.61551 2.15993 2.08472 0 -1 0 -0.100877 2.15993 3.83261e-07 0 -1 0 -0.100877 2.15993 0 -0.809017 -0 -0.587785 -1.61551 2.15993 2.08472 -0.809017 -0 -0.587785 -0.100877 -1.83307 0 -0.809017 -0 -0.587785 -0.100877 -1.83307 0 -0.809017 0 -0.587785 -1.61551 2.15993 2.08472 -0.809017 0 -0.587785 -1.61551 -1.83307 2.08472 -0.809017 0 -0.587785 -1.61551 2.15993 2.08472 0.309017 0 -0.951057 -4.06624 2.15993 1.28843 0.309017 0 -0.951057 -1.61551 -1.83307 2.08472 0.309017 0 -0.951057 -1.61551 -1.83307 2.08472 0.309017 0 -0.951057 -4.06624 2.15993 1.28843 0.309017 0 -0.951057 -4.06624 -1.83307 1.28843 0.309017 0 -0.951057 -4.06624 2.15993 1.28843 1 0 2.7757e-07 -4.06624 2.15993 -1.28843 1 0 2.7757e-07 -4.06624 -1.83307 1.28843 1 0 2.7757e-07 -4.06624 -1.83307 1.28843 1 0 2.7757e-07 -4.06624 2.15993 -1.28843 1 0 2.7757e-07 -4.06624 -1.83307 -1.28843 1 0 2.7757e-07 -4.06624 2.15993 -1.28843 0.309017 0 0.951057 -1.61551 2.15993 -2.08472 0.309017 0 0.951057 -4.06624 -1.83307 -1.28843 0.309017 0 0.951057 -4.06624 -1.83307 -1.28843 0.309017 0 0.951057 -1.61551 2.15993 -2.08472 0.309017 0 0.951057 -1.61551 -1.83307 -2.08472 0.309017 0 0.951057 -1.61551 2.15993 -2.08472 -0.809017 0 0.587785 -0.100877 2.15993 0 -0.809017 0 0.587785 -1.61551 -1.83307 -2.08472 -0.809017 0 0.587785 -1.61551 -1.83307 -2.08472 -0.809017 0 0.587785 -0.100877 2.15993 0 -0.809017 0 0.587785 -0.100877 -1.83307 0 -0.809017 0 0.587785 -8.26307 -2.11316 1.89833 0 1 0 -7.16707 -2.11316 0 0 1 0 -6.07107 -2.11316 1.89833 0 1 0 -9.35907 -2.11316 -1.91631e-07 0 1 0 -7.16707 -2.11316 0 0 1 0 -8.26307 -2.11316 1.89833 0 1 0 -8.26307 -2.11316 -1.89833 0 1 0 -7.16707 -2.11316 0 0 1 0 -9.35907 -2.11316 -1.91631e-07 0 1 0 -6.07107 -2.11316 -1.89833 0 1 0 -7.16707 -2.11316 0 0 1 0 -8.26307 -2.11316 -1.89833 0 1 0 -4.97507 -2.11316 3.83261e-07 0 1 0 -7.16707 -2.11316 0 0 1 0 -6.07107 -2.11316 -1.89833 0 1 0 -6.07107 -2.11316 1.89833 0 1 0 -7.16707 -2.11316 0 0 1 0 -4.97507 -2.11316 3.83261e-07 0 1 0 -7.16707 1.87984 0 0 0 0 -6.07107 1.87984 1.89833 0 0 0 -7.16707 1.87984 0 0 0 0 -7.16707 1.87984 0 0 -1 0 -8.26307 1.87984 1.89833 0 -1 0 -6.07107 1.87984 1.89833 0 -1 0 -7.16707 1.87984 0 0 -1 0 -9.35907 1.87984 -1.91631e-07 0 -1 0 -8.26307 1.87984 1.89833 0 -1 0 -7.16707 1.87984 0 0 -1 0 -8.26307 1.87984 -1.89833 0 -1 0 -9.35907 1.87984 -1.91631e-07 0 -1 0 -7.16707 1.87984 0 0 -1 0 -6.07107 1.87984 -1.89833 0 -1 0 -8.26307 1.87984 -1.89833 0 -1 0 -7.16707 1.87984 0 0 -1 0 -4.97507 1.87984 3.83261e-07 0 -1 0 -6.07107 1.87984 -1.89833 0 -1 0 -7.16707 1.87984 0 0 -1 0 -6.07107 1.87984 1.89833 0 -1 0 -4.97507 1.87984 3.83261e-07 0 -1 0 -4.97507 1.87984 0 -0.866025 -0 -0.5 -6.07107 1.87984 1.89833 -0.866025 -0 -0.5 -4.97507 -2.11316 0 -0.866025 -0 -0.5 -4.97507 -2.11316 0 -0.866025 0 -0.5 -6.07107 1.87984 1.89833 -0.866025 0 -0.5 -6.07107 -2.11316 1.89833 -0.866025 0 -0.5 -6.07107 1.87984 1.89833 5.43838e-08 0 -1 -8.26307 1.87984 1.89833 5.43838e-08 0 -1 -6.07107 -2.11316 1.89833 5.43838e-08 0 -1 -6.07107 -2.11316 1.89833 5.43838e-08 0 -1 -8.26307 1.87984 1.89833 5.43838e-08 0 -1 -8.26307 -2.11316 1.89833 5.43838e-08 0 -1 -8.26307 1.87984 1.89833 0.866026 0 -0.5 -9.35907 1.87984 -1.91631e-07 0.866026 0 -0.5 -8.26307 -2.11316 1.89833 0.866026 0 -0.5 -8.26307 -2.11316 1.89833 0.866026 0 -0.5 -9.35907 1.87984 -1.91631e-07 0.866026 0 -0.5 -9.35907 -2.11316 -1.91631e-07 0.866026 0 -0.5 -9.35907 1.87984 -1.91631e-07 0.866025 0 0.5 -8.26307 1.87984 -1.89833 0.866025 0 0.5 -9.35907 -2.11316 -1.91631e-07 0.866025 0 0.5 -9.35907 -2.11316 -1.91631e-07 0.866025 0 0.5 -8.26307 1.87984 -1.89833 0.866025 0 0.5 -8.26307 -2.11316 -1.89833 0.866025 0 0.5 -8.26307 1.87984 -1.89833 0 0 1 -6.07107 1.87984 -1.89833 0 0 1 -8.26307 -2.11316 -1.89833 0 0 1 -8.26307 -2.11316 -1.89833 0 0 1 -6.07107 1.87984 -1.89833 0 0 1 -6.07107 -2.11316 -1.89833 0 0 1 -6.07107 1.87984 -1.89833 -0.866025 0 0.5 -4.97507 1.87984 0 -0.866025 0 0.5 -6.07107 -2.11316 -1.89833 -0.866025 0 0.5 -6.07107 -2.11316 -1.89833 -0.866025 0 0.5 -4.97507 1.87984 0 -0.866025 0 0.5 -4.97507 -2.11316 0 -0.866025 0 0.5 
end
0 1 2 3 4 5 6 7 8 9 10 11 12 13 14 15 16 17 18 19 20 21 22 23 24 25 26 27 28 29 30 31 32 33 34 35 36 37 38 39 40 41 42 43 44 45 46 47 48 49 50 51 52 53 54 55 56 57 58 59 60 61 62 63 64 65 66 67 68 69 70 71 72 73 74 75 76 77 78 79 80 81 82 83 84 85 86 87 88 89 90 91 92 93 94 95 96 97 98 99 100 101 102 103 104 105 106 107 108 109 110 111 112 113 114 115 116 117 118 119 120 121 122 123 124 125 126 127 128 129 130 131 132 133 134 135 136 137 138 139 140 141 142 143 144 145 146 147 148 149 150 151 152 153 154 155 156 157 158 159 160 161 162 163 164 165 166 167 168 169 170 171 172 173 174 175 176 177 178 179 180 181 182 183 184 185 186 187 188 189 190 191 192 193 194 195 196 197 198 199 200 201 202 203 204 205 206 207 208 209 210 211 212 213 214 215 216 217 218 219 220 221 222 223 224 225 226 227 
end
