Усеченная пирамида
Усечённая пирамида - многогранник, 
часть пирамиды, заключенная между 
основанием и плоскостью, 
параллельной основанию. Обьем у
сеченной пирамиды находится по 
формуле 
   V = 1/3*H(S1+√S1S2+S2)  
   Попробуйте решить следующую 
задачу:  
   Данна усеченная пирамида 
ABCDEFGH. Найдите V если eё
сечения это квадраты с катеми
5 и 10 и с высотой пирамиды 
равной 3.
(Ответ: 50)  
end
-0.480383 2.60593 -0.375689 0 0.398871 -0.917007 -2.671 -2.671 -2.671 0 0.398871 -0.917007 2.671 -2.671 -2.671 0 0.398871 -0.917007 0.666562 2.62679 -0.399628 -0.0262589 0.385505 -0.922332 -0.480383 2.60593 -0.375689 -0.0262589 0.385505 -0.922332 2.671 -2.671 -2.671 -0.0262589 0.385505 -0.922332 0.666562 2.62679 -0.399628 0.935294 0.353872 0 2.671 -2.671 -2.671 0.935294 0.353872 0 2.671 -2.671 2.671 0.935294 0.353872 0 0.718802 2.57804 0.909271 0.939679 0.341157 -0.0247996 0.666562 2.62679 -0.399628 0.939679 0.341157 -0.0247996 2.671 -2.671 2.671 0.939679 0.341157 -0.0247996 0.718802 2.57804 0.909271 0 0.318186 0.948029 2.671 -2.671 2.671 0 0.318186 0.948029 -2.671 -2.671 2.671 0 0.318186 0.948029 -0.485797 2.5652 0.879607 -0.0267627 0.333562 0.942348 0.718802 2.57804 0.909271 -0.0267627 0.333562 0.942348 -2.671 -2.671 2.671 -0.0267627 0.333562 0.942348 -0.485797 2.5652 0.879607 -0.922861 0.385134 0 -2.671 -2.671 2.671 -0.922861 0.385134 0 -2.671 -2.671 -2.671 -0.922861 0.385134 0 -0.480383 2.60593 -0.375689 -0.924829 0.380292 0.00835222 -0.485797 2.5652 0.879607 -0.924829 0.380292 0.00835222 -2.671 -2.671 -2.671 -0.924829 0.380292 0.00835222 -0.485797 2.5652 0.879607 -0.0174919 0.999323 0.032355 -0.480383 2.60593 -0.375689 -0.0174919 0.999323 0.032355 0.666562 2.62679 -0.399628 -0.0174919 0.999323 0.032355 0.718802 2.57804 0.909271 -0.0115828 0.999223 0.0376732 -0.485797 2.5652 0.879607 -0.0115828 0.999223 0.0376732 0.666562 2.62679 -0.399628 -0.0115828 0.999223 0.0376732 -2.671 -2.671 -2.671 0 -1 0 -2.671 -2.671 2.671 0 -1 0 2.671 -2.671 2.671 0 -1 0 2.671 -2.671 -2.671 0 -1 0 -2.671 -2.671 -2.671 0 -1 0 2.671 -2.671 2.671 0 -1 0 
end
0 1 2 3 4 5 6 7 8 9 10 11 12 13 14 15 16 17 18 19 20 21 22 23 24 25 26 27 28 29 30 31 32 33 34 35 
end
